CI.APL -116.875 35.3415 0.0295627 -0.00311671 -0.00585333
CI.CCA -118.016 35.1525 0.00141651 0.0271246 0.00620648
CI.CCC -117.365 35.5249 0.0242142 0.244141 -0.0274956
CI.CLC -117.598 35.8157 0.283032 -1.33413 -0.284747
CI.WHF -118.352 35.6951 -0.0496899 0.00186423 -0.0106949
CI.WMF -117.855 36.1176 -0.0102948 -0.0552514 0.00223353
CI.CGO -117.803 36.5504 -0.000634973 -0.0286484 0.00679294
CI.FUR -116.863 36.467 -4.00073e-05 -0.0136226 0.00296127
CI.MPM -117.489 36.058 -0.0280099 -0.188336 0.0154322
CI.Q0072 -117.667 35.6096 -0.0931555 0.279794 0.0203474
CI.SLA -117.283 35.8909 0.0824145 -0.0597352 -0.00155218
CI.SRT -117.751 35.6923 -0.210068 0.161778 0.0125818
CI.TOW2 -117.765 35.8086 -0.584646 0.0467744 0.0698711
CI.LRL -117.682 35.4795 -0.00725627 0.155238 0.0161653
